name: ddRAD-seq
channels:
  - conda-forge
  - bioconda
  - defaults
dependencies:
  - _libgcc_mutex=0.1=conda_forge
  - _openmp_mutex=4.5=2_gnu
  - arpack=3.8.0=nompi_h0baa96a_101
  - bzip2=1.0.8=hd590300_5
  - c-ares=1.28.1=hd590300_0
  - ca-certificates=2024.2.2=hbcca054_0
  - curl=8.7.1=hca28451_0
  - gettext=0.22.5=h59595ed_2
  - gettext-tools=0.22.5=h59595ed_2
  - git=2.44.0=pl5321h709897a_0
  - gmp=6.3.0=h59595ed_1
  - icu=73.2=h59595ed_0
  - julia=1.10.2=hf9b02c4_1
  - keyutils=1.6.1=h166bdaf_0
  - krb5=1.21.2=h659d440_0
  - libasprintf=0.22.5=h661eb56_2
  - libasprintf-devel=0.22.5=h661eb56_2
  - libblas=3.9.0=22_linux64_openblas
  - libcblas=3.9.0=22_linux64_openblas
  - libcurl=8.7.1=hca28451_0
  - libedit=3.1.20191231=he28a2e2_2
  - libev=4.33=hd590300_2
  - libexpat=2.6.2=h59595ed_0
  - libgcc-ng=13.2.0=h807b86a_5
  - libgettextpo=0.22.5=h59595ed_2
  - libgettextpo-devel=0.22.5=h59595ed_2
  - libgfortran-ng=13.2.0=h69a702a_5
  - libgfortran5=13.2.0=ha4646dd_5
  - libgit2=1.8.0=h65212e3_0
  - libgomp=13.2.0=h807b86a_5
  - libhwloc=2.10.0=default_h2fb2949_1000
  - libiconv=1.17=hd590300_2
  - liblapack=3.9.0=22_linux64_openblas
  - libnghttp2=1.58.0=h47da74e_1
  - libopenblas=0.3.27=pthreads_h413a1c8_0
  - libopenblas-ilp64=0.3.27=pthreads_h384dd9e_0
  - libopenlibm4=0.8.1=hd590300_1
  - libssh2=1.11.0=h0841786_0
  - libstdcxx-ng=13.2.0=h7e041cc_5
  - libunwind=1.6.2=h9c3ff4c_0
  - libutf8proc=2.8.0=h166bdaf_0
  - libxcrypt=4.4.36=hd590300_1
  - libxml2=2.12.6=h232c23b_2
  - libzlib=1.2.13=hd590300_5
  - mbedtls=3.5.1=h59595ed_0
  - metis=5.1.0=h59595ed_1007
  - mpfr=4.2.1=h9458935_1
  - ncurses=6.4.20240210=h59595ed_0
  - openblas-ilp64=0.3.27=pthreads_h3d04fff_0
  - openlibm=0.8.1=hd590300_1
  - openssl=3.2.1=hd590300_1
  - p7zip=16.02=h9c3ff4c_1001
  - parallel=20240322=ha770c72_0
  - pcre2=10.43=hcad00b1_0
  - perl=5.32.1=7_hd590300_perl5
  - suitesparse=5.10.1=h5a4f163_3
  - tbb=2021.12.0=h00ab1b0_0
  - xz=5.2.6=h166bdaf_0
  - zlib=1.2.13=hd590300_5
  - zstd=1.5.5=hfc55251_0
prefix: /home/erick/miniforge3/envs/ddRAD-seq
